ab : 0.000757
ac : 0.003029
ad : 0.002650
af : 0.000379
ag : 0.000946
ai : 0.003218
ak : 0.000757
al : 0.002839
am : 0.001136
an : 0.012682
ap : 0.000757
ar : 0.006246
as : 0.007193
at : 0.006625
av : 0.002082
aw : 0.001136
ax : 0.000189
ay : 0.001136
ba : 0.000379
bb : 0.000189
be : 0.003596
bi : 0.001325
bl : 0.002461
bo : 0.001136
br : 0.000946
bt : 0.000189
bu : 0.001514
by : 0.001325
ca : 0.002082
cc : 0.000189
ce : 0.003975
ch : 0.002839
ci : 0.000189
ck : 0.002650
cl : 0.000757
co : 0.003596
ct : 0.000379
cu : 0.001136
cy : 0.000757
da : 0.000568
dd : 0.000379
de : 0.003596
df : 0.000189
dg : 0.000568
di : 0.002082
dl : 0.000189
do : 0.001893
dr : 0.001514
ds : 0.000189
dv : 0.000189
dy : 0.000379
ea : 0.007571
ec : 0.001325
ed : 0.012304
ee : 0.002461
ef : 0.000189
eg : 0.000757
ei : 0.000568
ej : 0.000189
el : 0.004543
em : 0.000946
en : 0.006246
eo : 0.000189
ep : 0.001325
er : 0.010221
es : 0.005868
et : 0.003407
eu : 0.000189
ev : 0.001136
ew : 0.000568
ex : 0.001325
ey : 0.000946
fa : 0.001893
fe : 0.001514
ff : 0.000379
fi : 0.000757
fk : 0.000189
fl : 0.000189
fo : 0.001325
fr : 0.001514
ft : 0.000757
fu : 0.000379
ga : 0.000946
ge : 0.002271
gh : 0.002271
gi : 0.001325
gl : 0.000568
gn : 0.000189
go : 0.001136
gr : 0.000757
gu : 0.000757
ha : 0.006246
he : 0.021768
hi : 0.007193
hm : 0.000189
ho : 0.004164
hr : 0.000189
ht : 0.001704
hu : 0.000189
hy : 0.000189
ib : 0.000946
ic : 0.001325
id : 0.003029
ie : 0.001514
if : 0.000757
ig : 0.001704
ii : 0.000757
ik : 0.000568
il : 0.001514
im : 0.001893
in : 0.012114
io : 0.001136
ip : 0.000568
ir : 0.001704
is : 0.008139
it : 0.006436
iv : 0.000946
ix : 0.000189
ju : 0.000379
ka : 0.000757
ke : 0.002461
ki : 0.001325
kl : 0.000379
kn : 0.000568
ks : 0.000189
la : 0.001704
ld : 0.002271
le : 0.006246
lf : 0.000189
li : 0.003786
ll : 0.006057
ln : 0.000189
lo : 0.002839
lp : 0.000189
ls : 0.000189
lt : 0.000568
lu : 0.000379
lv : 0.000189
ly : 0.002650
ma : 0.001704
mb : 0.000189
me : 0.009275
mi : 0.000757
mo : 0.001893
mp : 0.000189
my : 0.003786
na : 0.000757
nc : 0.002461
nd : 0.007950
ne : 0.004354
ng : 0.005679
ni : 0.001136
nk : 0.000568
nl : 0.000379
nn : 0.000379
no : 0.003407
nr : 0.000189
ns : 0.001325
nt : 0.005111
nu : 0.000189
nv : 0.000189
oa : 0.001136
ob : 0.000189
oc : 0.000189
od : 0.000757
oe : 0.000379
of : 0.006246
oi : 0.000568
ok : 0.001514
ol : 0.002082
om : 0.004543
on : 0.004732
oo : 0.002650
op : 0.000946
or : 0.004164
os : 0.001514
ot : 0.002839
ou : 0.010032
ov : 0.001136
ow : 0.003218
pa : 0.000757
pe : 0.003407
ph : 0.000189
pi : 0.000568
pl : 0.001514
po : 0.000946
pp : 0.000946
pr : 0.002271
ps : 0.000189
pt : 0.000189
qu : 0.000568
ra : 0.002650
rb : 0.000189
rc : 0.000189
rd : 0.001514
re : 0.010600
rg : 0.000568
ri : 0.001704
rk : 0.000568
rl : 0.000379
rm : 0.001136
rn : 0.001514
ro : 0.005868
rp : 0.000379
rr : 0.000568
rs : 0.001325
rt : 0.001704
ru : 0.000568
ry : 0.001325
sa : 0.005679
sc : 0.000379
se : 0.004354
sh : 0.002650
si : 0.002082
sk : 0.000946
sl : 0.000946
sm : 0.000757
sn : 0.000757
so : 0.001704
sp : 0.000568
ss : 0.003786
st : 0.006625
su : 0.000946
sw : 0.000379
sy : 0.000189
ta : 0.002461
tc : 0.001325
te : 0.004354
th : 0.018929
ti : 0.002650
tk : 0.000568
tl : 0.001325
to : 0.008329
tr : 0.001704
ts : 0.000379
tt : 0.000946
tu : 0.001136
tw : 0.000379
ty : 0.000568
ub : 0.000379
uc : 0.000379
ud : 0.000189
ue : 0.000379
ug : 0.001136
ui : 0.001136
ul : 0.001704
um : 0.000568
un : 0.001136
up : 0.002271
ur : 0.004164
us : 0.002082
ut : 0.003218
va : 0.000568
ve : 0.004921
vi : 0.000946
vo : 0.000757
wa : 0.003029
we : 0.003596
wh : 0.002461
wi : 0.002271
wl : 0.000189
wn : 0.000946
wo : 0.001514
wr : 0.000189
ws : 0.000757
wy : 0.000189
xc : 0.000946
xe : 0.000189
xp : 0.000379
xt : 0.000189
ya : 0.000379
ye : 0.000946
yi : 0.000379
yo : 0.002839
ys : 0.000189
